0.369142 -0.667248 0.646927 0.000000 -0.928091 -0.228103 0.294308 0.000000 -0.048811 -0.709048 -0.703469 0.000000 50.098841 156.885711 525.420449 1.000000 
0.330894 -0.652950 0.681297 0.000000 -0.943656 -0.225399 0.242297 0.000000 -0.004644 -0.723085 -0.690744 0.000000 49.237957 155.520526 522.602164 1.000000 
0.292719 -0.638686 0.711615 0.000000 -0.955037 -0.231954 0.184667 0.000000 0.047118 -0.733674 -0.677866 0.000000 45.400934 152.827373 519.811347 1.000000 
0.249065 -0.627270 0.737901 0.000000 -0.963909 -0.234542 0.125972 0.000000 0.094051 -0.742645 -0.663048 0.000000 41.858267 149.578235 516.588136 1.000000 
0.203254 -0.623791 0.754700 0.000000 -0.969360 -0.236795 0.065345 0.000000 0.137947 -0.744858 -0.652807 0.000000 38.968489 145.602910 512.740081 1.000000 
