0.369142 -0.667248 0.646927 0.000000 -0.928091 -0.228103 0.294308 0.000000 -0.048811 -0.709048 -0.703469 0.000000 50.098841 156.885711 525.420449 1.000000 
0.330894 -0.652950 0.681297 0.000000 -0.943656 -0.225399 0.242297 0.000000 -0.004644 -0.723085 -0.690744 0.000000 49.237957 155.520526 522.602164 1.000000 
0.292719 -0.638686 0.711615 0.000000 -0.955037 -0.231954 0.184667 0.000000 0.047118 -0.733674 -0.677866 0.000000 45.400934 152.827373 519.811347 1.000000 
0.249065 -0.627270 0.737901 0.000000 -0.963909 -0.234542 0.125972 0.000000 0.094051 -0.742645 -0.663048 0.000000 41.858267 149.578235 516.588136 1.000000 
0.203254 -0.623791 0.754700 0.000000 -0.969360 -0.236795 0.065345 0.000000 0.137947 -0.744858 -0.652807 0.000000 38.968489 145.602910 512.740081 1.000000 
0.161148 -0.613017 0.773461 0.000000 -0.969414 -0.245317 0.007545 0.000000 0.185118 -0.751019 -0.633799 0.000000 35.338582 142.031129 508.667866 1.000000 
0.113337 -0.602314 0.790173 0.000000 -0.961806 -0.265957 -0.064773 0.000000 0.249165 -0.752652 -0.609452 0.000000 31.233972 136.725231 505.427065 1.000000 
0.085208 -0.583435 0.807678 0.000000 -0.937415 -0.321632 -0.133439 0.000000 0.337628 -0.745759 -0.574326 0.000000 25.632894 134.638880 502.903890 1.000000 
0.066165 -0.568556 0.819979 0.000000 -0.897719 -0.392649 -0.199816 0.000000 0.435571 -0.722890 -0.536383 0.000000 20.388821 134.739761 500.681607 1.000000 
0.049300 -0.555096 0.830324 0.000000 -0.858869 -0.447907 -0.248444 0.000000 0.509818 -0.700891 -0.498837 0.000000 16.694841 135.752540 499.486150 1.000000 
0.041511 -0.533665 0.844677 0.000000 -0.825930 -0.494061 -0.271557 0.000000 0.562242 -0.686371 -0.461278 0.000000 13.823081 137.186607 496.344255 1.000000 
0.033626 -0.521476 0.852603 0.000000 -0.802230 -0.522868 -0.288161 0.000000 0.596068 -0.674294 -0.435926 0.000000 9.753085 135.388275 495.067702 1.000000 
0.029746 -0.510498 0.859364 0.000000 -0.788970 -0.539860 -0.293390 0.000000 0.613711 -0.669286 -0.418826 0.000000 8.074321 136.460119 492.982001 1.000000 
0.018203 -0.519091 0.854525 0.000000 -0.777318 -0.544889 -0.314441 0.000000 0.628845 -0.658514 -0.413417 0.000000 3.802989 137.022827 490.879856 1.000000 
0.014911 -0.525782 0.850489 0.000000 -0.769297 -0.549376 -0.326143 0.000000 0.638718 -0.649415 -0.412674 0.000000 0.642384 138.579389 489.281633 1.000000 
0.014088 -0.533742 0.845530 0.000000 -0.757721 -0.557455 -0.339269 0.000000 0.652427 -0.635896 -0.412281 0.000000 -2.191648 139.798309 487.303426 1.000000 
0.009950 -0.538486 0.842576 0.000000 -0.752132 -0.559290 -0.348557 0.000000 0.658937 -0.630260 -0.410577 0.000000 -4.856519 140.869802 486.016085 1.000000 
0.007345 -0.546880 0.837179 0.000000 -0.741593 -0.564597 -0.362312 0.000000 0.670810 -0.618185 -0.409709 0.000000 -8.570772 142.840221 485.394118 1.000000 
0.005843 -0.551634 0.834066 0.000000 -0.725924 -0.575988 -0.375861 0.000000 0.687750 -0.603273 -0.403809 0.000000 -12.466400 144.481125 484.502457 1.000000 
0.004263 -0.548545 0.836110 0.000000 -0.719349 -0.582485 -0.378482 0.000000 0.694636 -0.599841 -0.397079 0.000000 -13.860232 146.069637 483.875659 1.000000 
0.005351 -0.546671 0.837330 0.000000 -0.707454 -0.593861 -0.383195 0.000000 0.706739 -0.590322 -0.389923 0.000000 -15.973426 148.103820 483.469473 1.000000 
0.005442 -0.561737 0.827298 0.000000 -0.688711 -0.601927 -0.404179 0.000000 0.725016 -0.567569 -0.390150 0.000000 -17.898940 147.310159 483.891061 1.000000 
0.006483 -0.568609 0.822582 0.000000 -0.679943 -0.605679 -0.413317 0.000000 0.733237 -0.556629 -0.390548 0.000000 -17.942925 147.613860 484.029786 1.000000 
0.005726 -0.563270 0.826253 0.000000 -0.680936 -0.607299 -0.409286 0.000000 0.732321 -0.560282 -0.387028 0.000000 -18.979275 147.450147 484.156144 1.000000 
0.006388 -0.559012 0.829135 0.000000 -0.680247 -0.610173 -0.406144 0.000000 0.732955 -0.561422 -0.384164 0.000000 -20.091331 147.309150 483.799992 1.000000 
0.007799 -0.559569 0.828747 0.000000 -0.677897 -0.612221 -0.406991 0.000000 0.735116 -0.558631 -0.384104 0.000000 -19.927191 148.217204 483.434289 1.000000 
0.008638 -0.559031 0.829102 0.000000 -0.678462 -0.612367 -0.405827 0.000000 0.734584 -0.559009 -0.384571 0.000000 -19.734393 147.673169 483.011258 1.000000 
0.012764 -0.558585 0.829349 0.000000 -0.677540 -0.614813 -0.403663 0.000000 0.735375 -0.556765 -0.386312 0.000000 -19.249740 144.902328 482.594223 1.000000 
0.012116 -0.560393 0.828138 0.000000 -0.675773 -0.615025 -0.406294 0.000000 0.737011 -0.554710 -0.386150 0.000000 -19.191369 144.446051 482.450342 1.000000 
0.012034 -0.557275 0.830241 0.000000 -0.675712 -0.616564 -0.404057 0.000000 0.737068 -0.556141 -0.383977 0.000000 -18.917404 144.098693 480.830065 1.000000 
0.014451 -0.551511 0.834043 0.000000 -0.677418 -0.618930 -0.397530 0.000000 0.735456 -0.559251 -0.382547 0.000000 -18.223433 143.032836 479.891000 1.000000 
0.014907 -0.551945 0.833747 0.000000 -0.680226 -0.616746 -0.396127 0.000000 0.732850 -0.561232 -0.384641 0.000000 -17.435103 142.164315 479.278142 1.000000 
0.014849 -0.555568 0.831339 0.000000 -0.680489 -0.614794 -0.398700 0.000000 0.732607 -0.559797 -0.387187 0.000000 -16.529797 141.049378 479.411494 1.000000 
0.013287 -0.555144 0.831648 0.000000 -0.679114 -0.615475 -0.399994 0.000000 0.733913 -0.559469 -0.385183 0.000000 -16.250349 140.802294 479.636931 1.000000 
0.011709 -0.552105 0.833692 0.000000 -0.676859 -0.618074 -0.399807 0.000000 0.736019 -0.559611 -0.380935 0.000000 -16.176385 141.137869 479.808879 1.000000 
0.005841 -0.557487 0.830165 0.000000 -0.673725 -0.615673 -0.408707 0.000000 0.738959 -0.556916 -0.379189 0.000000 -16.948036 140.785093 479.995364 1.000000 
0.003221 -0.559610 0.828750 0.000000 -0.672214 -0.614783 -0.412518 0.000000 0.740350 -0.555768 -0.378158 0.000000 -16.903434 141.939219 480.073752 1.000000 
0.003330 -0.559693 0.828694 0.000000 -0.671842 -0.615062 -0.412707 0.000000 0.740687 -0.555377 -0.378073 0.000000 -16.785133 141.767545 479.880083 1.000000 
-0.000070 -0.560543 0.828125 0.000000 -0.670906 -0.614064 -0.415706 0.000000 0.741543 -0.555623 -0.376029 0.000000 -17.181611 141.272320 480.196533 1.000000 
-0.006217 -0.567405 0.823415 0.000000 -0.668392 -0.610108 -0.425465 0.000000 0.743784 -0.553009 -0.375456 0.000000 -18.185543 140.333856 480.467829 1.000000 
-0.009221 -0.570404 0.821313 0.000000 -0.664178 -0.610504 -0.431454 0.000000 0.747517 -0.549476 -0.373220 0.000000 -19.033078 140.207013 480.876670 1.000000 
-0.012030 -0.568415 0.822654 0.000000 -0.659214 -0.614101 -0.433955 0.000000 0.751859 -0.547526 -0.367320 0.000000 -19.434271 140.648136 480.923032 1.000000 
-0.015735 -0.576346 0.817054 0.000000 -0.653161 -0.612784 -0.444833 0.000000 0.757055 -0.540668 -0.366805 0.000000 -20.053743 139.276553 482.332982 1.000000 
-0.018838 -0.586326 0.809856 0.000000 -0.647110 -0.610312 -0.456911 0.000000 0.762164 -0.532674 -0.367921 0.000000 -21.387027 138.143677 482.609261 1.000000 
-0.019974 -0.584612 0.811067 0.000000 -0.644320 -0.612778 -0.457554 0.000000 0.764495 -0.531726 -0.364437 0.000000 -21.718466 137.813688 483.228234 1.000000 
-0.026219 -0.575799 0.817171 0.000000 -0.642242 -0.616724 -0.455166 0.000000 0.766053 -0.536755 -0.353633 0.000000 -22.310146 137.240104 483.520310 1.000000 
-0.026821 -0.578884 0.814969 0.000000 -0.639120 -0.616937 -0.459253 0.000000 0.768639 -0.533181 -0.353429 0.000000 -21.735622 136.541118 483.935110 1.000000 
-0.025686 -0.584558 0.810945 0.000000 -0.637639 -0.615185 -0.463643 0.000000 0.769907 -0.528999 -0.356935 0.000000 -21.201458 135.667722 484.611794 1.000000 
-0.026732 -0.586279 0.809668 0.000000 -0.638286 -0.613341 -0.465193 0.000000 0.769335 -0.529235 -0.357818 0.000000 -21.572551 135.225735 484.012445 1.000000 
-0.028234 -0.586444 0.809497 0.000000 -0.634881 -0.614986 -0.467673 0.000000 0.772094 -0.527139 -0.354959 0.000000 -22.138603 135.105094 483.816607 1.000000 
-0.019100 -0.590333 0.806934 0.000000 -0.627816 -0.621045 -0.469201 0.000000 0.778127 -0.515568 -0.358759 0.000000 -20.966654 136.529350 482.690126 1.000000 
-0.009899 -0.593964 0.804431 0.000000 -0.628584 -0.621954 -0.466964 0.000000 0.777679 -0.510275 -0.367199 0.000000 -19.050359 138.568813 481.454344 1.000000 
-0.007975 -0.596991 0.802208 0.000000 -0.631456 -0.619042 -0.466959 0.000000 0.775371 -0.510283 -0.372036 0.000000 -17.842781 138.277987 480.288674 1.000000 
-0.011174 -0.590925 0.806649 0.000000 -0.637989 -0.616955 -0.460799 0.000000 0.769964 -0.519783 -0.370110 0.000000 -17.164323 138.087076 480.226332 1.000000 
-0.014921 -0.583151 0.812227 0.000000 -0.657059 -0.606586 -0.447579 0.000000 0.753692 -0.540359 -0.374113 0.000000 -16.893415 136.601820 479.759512 1.000000 
-0.018349 -0.570102 0.821369 0.000000 -0.669147 -0.603401 -0.433762 0.000000 0.742904 -0.557576 -0.370410 0.000000 -17.462319 136.940275 478.384308 1.000000 
-0.020411 -0.569549 0.821704 0.000000 -0.670166 -0.602107 -0.433986 0.000000 0.741930 -0.559536 -0.369403 0.000000 -17.728303 136.757357 478.050413 1.000000 
-0.021027 -0.571234 0.820518 0.000000 -0.670885 -0.600427 -0.435202 0.000000 0.741263 -0.559624 -0.370608 0.000000 -17.517722 136.167113 478.112304 1.000000 
-0.022549 -0.574183 0.818416 0.000000 -0.673554 -0.596224 -0.436855 0.000000 0.738794 -0.561098 -0.373299 0.000000 -18.027554 134.140531 478.059718 1.000000 
-0.023052 -0.577848 0.815819 0.000000 -0.675601 -0.592499 -0.438759 0.000000 0.736907 -0.561282 -0.376736 0.000000 -18.068604 132.725889 478.229180 1.000000 
-0.023891 -0.577716 0.815888 0.000000 -0.675957 -0.591954 -0.438945 0.000000 0.736554 -0.561992 -0.376369 0.000000 -18.635241 133.155944 478.410742 1.000000 
-0.027653 -0.578168 0.815449 0.000000 -0.676796 -0.589516 -0.440928 0.000000 0.735651 -0.564086 -0.375000 0.000000 -20.653731 133.497138 478.903106 1.000000 
-0.028096 -0.575419 0.817376 0.000000 -0.678657 -0.589380 -0.438241 0.000000 0.733918 -0.567031 -0.373953 0.000000 -21.052235 134.419470 479.119922 1.000000 
-0.027905 -0.577199 0.816127 0.000000 -0.679006 -0.588234 -0.439240 0.000000 0.733602 -0.566412 -0.375507 0.000000 -21.390709 134.051787 479.189221 1.000000 
-0.025421 -0.587555 0.808785 0.000000 -0.675440 -0.586346 -0.447191 0.000000 0.736977 -0.557654 -0.381952 0.000000 -21.808493 132.991423 479.353794 1.000000 
-0.023974 -0.589637 0.807312 0.000000 -0.673953 -0.586917 -0.448681 0.000000 0.738385 -0.554848 -0.383317 0.000000 -21.665853 133.549271 479.046541 1.000000 
-0.024383 -0.587706 0.808707 0.000000 -0.674180 -0.587647 -0.447384 0.000000 0.738164 -0.556123 -0.381891 0.000000 -21.573575 133.760412 478.821323 1.000000 
-0.024546 -0.583059 0.812059 0.000000 -0.676264 -0.588555 -0.443024 0.000000 0.736250 -0.560041 -0.379855 0.000000 -20.872890 133.864674 478.614173 1.000000 
-0.025265 -0.584613 0.810919 0.000000 -0.672737 -0.590074 -0.446360 0.000000 0.739450 -0.556812 -0.378383 0.000000 -21.092071 134.435744 478.768129 1.000000 
-0.026465 -0.584236 0.811152 0.000000 -0.669831 -0.591967 -0.448221 0.000000 0.742042 -0.555197 -0.375673 0.000000 -21.438187 134.841748 479.031182 1.000000 
-0.029516 -0.580870 0.813461 0.000000 -0.667927 -0.593990 -0.448386 0.000000 0.743641 -0.556567 -0.370446 0.000000 -22.148326 134.796374 479.313859 1.000000 
-0.030175 -0.581882 0.812713 0.000000 -0.665231 -0.595168 -0.450824 0.000000 0.746027 -0.554246 -0.369127 0.000000 -22.493463 135.143950 479.762889 1.000000 
-0.029815 -0.581488 0.813008 0.000000 -0.663174 -0.597058 -0.451355 0.000000 0.747871 -0.552623 -0.367827 0.000000 -22.543665 135.898124 479.837417 1.000000 
-0.028713 -0.581083 0.813338 0.000000 -0.660848 -0.599447 -0.451601 0.000000 0.749970 -0.550459 -0.366796 0.000000 -22.347319 136.253284 480.232543 1.000000 
-0.031904 -0.570174 0.820904 0.000000 -0.663335 -0.602289 -0.444111 0.000000 0.747642 -0.558703 -0.359000 0.000000 -21.829021 135.795896 481.387243 1.000000 
-0.032672 -0.569858 0.821093 0.000000 -0.655172 -0.608189 -0.448168 0.000000 0.754773 -0.552600 -0.353485 0.000000 -22.637353 135.810491 482.579163 1.000000 
-0.027171 -0.580704 0.813661 0.000000 -0.640058 -0.615121 -0.460382 0.000000 0.767846 -0.533300 -0.354971 0.000000 -22.725885 139.404040 482.889686 1.000000 
-0.024167 -0.582084 0.812769 0.000000 -0.644000 -0.612777 -0.458004 0.000000 0.764643 -0.534492 -0.360054 0.000000 -22.457402 140.181724 481.784901 1.000000 
-0.018750 -0.570672 0.820964 0.000000 -0.672969 -0.600058 -0.432484 0.000000 0.739433 -0.560593 -0.372794 0.000000 -20.790392 138.822713 479.740332 1.000000 
-0.018143 -0.561523 0.827262 0.000000 -0.685056 -0.595683 -0.419357 0.000000 0.728264 -0.574330 -0.373867 0.000000 -19.959003 136.901386 479.287933 1.000000 
-0.019353 -0.561298 0.827387 0.000000 -0.683347 -0.596659 -0.420756 0.000000 0.729837 -0.573535 -0.372014 0.000000 -20.243696 136.907586 479.154175 1.000000 
-0.022365 -0.561694 0.827042 0.000000 -0.678881 -0.598744 -0.425001 0.000000 0.733908 -0.570968 -0.367933 0.000000 -21.231045 138.486677 479.117572 1.000000 
-0.021216 -0.560757 0.827709 0.000000 -0.682401 -0.596932 -0.421901 0.000000 0.730670 -0.573781 -0.369997 0.000000 -21.003671 137.635600 479.088538 1.000000 
-0.021287 -0.557397 0.829973 0.000000 -0.685698 -0.596002 -0.417852 0.000000 0.727575 -0.578006 -0.369519 0.000000 -21.437953 136.958006 479.187381 1.000000 
-0.020618 -0.558650 0.829147 0.000000 -0.685617 -0.595702 -0.418412 0.000000 0.727670 -0.577104 -0.370738 0.000000 -21.435371 136.967549 479.169550 1.000000 
-0.019336 -0.559987 0.828276 0.000000 -0.687248 -0.594246 -0.417806 0.000000 0.726165 -0.577310 -0.373359 0.000000 -21.821997 137.010536 479.201749 1.000000 
-0.017044 -0.553968 0.832363 0.000000 -0.691265 -0.594945 -0.410113 0.000000 0.722400 -0.582374 -0.372799 0.000000 -22.102070 137.920753 478.617239 1.000000 
-0.016232 -0.554666 0.831914 0.000000 -0.692693 -0.593771 -0.409404 0.000000 0.721050 -0.582907 -0.374575 0.000000 -22.059980 137.846039 477.999304 1.000000 
-0.013142 -0.556897 0.830478 0.000000 -0.693568 -0.593195 -0.408757 0.000000 0.720271 -0.581365 -0.378450 0.000000 -21.685466 137.414094 476.736377 1.000000 
-0.011101 -0.559886 0.828495 0.000000 -0.694678 -0.591638 -0.409130 0.000000 0.719235 -0.580079 -0.382373 0.000000 -20.589706 136.124925 476.747824 1.000000 
-0.012849 -0.560959 0.827744 0.000000 -0.694838 -0.590280 -0.410816 0.000000 0.719052 -0.580427 -0.382191 0.000000 -21.027597 135.272767 476.841526 1.000000 
-0.014082 -0.560384 0.828113 0.000000 -0.695189 -0.589787 -0.410930 0.000000 0.718689 -0.581482 -0.381267 0.000000 -21.373056 135.182895 476.810195 1.000000 
-0.015096 -0.559381 0.828773 0.000000 -0.696028 -0.589196 -0.410357 0.000000 0.717856 -0.583044 -0.380451 0.000000 -21.412053 135.531558 476.593850 1.000000 
-0.014772 -0.558118 0.829630 0.000000 -0.695474 -0.590401 -0.409564 0.000000 0.718400 -0.583036 -0.379436 0.000000 -21.289942 135.993739 476.576485 1.000000 
-0.014396 -0.558825 0.829161 0.000000 -0.693426 -0.591859 -0.410931 0.000000 0.720384 -0.580877 -0.378983 0.000000 -21.222542 136.365621 476.699035 1.000000 
-0.014526 -0.560915 0.827746 0.000000 -0.691392 -0.592400 -0.413568 0.000000 0.722333 -0.578305 -0.379207 0.000000 -21.365181 135.761963 476.875610 1.000000 
-0.014400 -0.562145 0.826914 0.000000 -0.689381 -0.593440 -0.415432 0.000000 0.724256 -0.576041 -0.378986 0.000000 -21.293619 135.443276 476.939482 1.000000 
-0.014526 -0.561722 0.827199 0.000000 -0.686903 -0.595567 -0.416490 0.000000 0.726604 -0.574256 -0.377197 0.000000 -21.212055 135.886813 477.108707 1.000000 
-0.015137 -0.563940 0.825677 0.000000 -0.679316 -0.600129 -0.422344 0.000000 0.733689 -0.567289 -0.374010 0.000000 -21.369066 136.164367 478.302559 1.000000 
-0.015199 -0.565193 0.824819 0.000000 -0.675627 -0.602298 -0.425164 0.000000 0.737087 -0.563732 -0.372705 0.000000 -21.218574 137.093708 479.329403 1.000000 
-0.013599 -0.569547 0.821846 0.000000 -0.669234 -0.605501 -0.430691 0.000000 0.742927 -0.555864 -0.372926 0.000000 -21.944326 137.812203 481.327938 1.000000 
-0.013795 -0.566869 0.823692 0.000000 -0.666148 -0.609127 -0.430361 0.000000 0.745692 -0.554638 -0.369216 0.000000 -22.522353 139.061073 481.542850 1.000000 
-0.011495 -0.561232 0.827578 0.000000 -0.666408 -0.612740 -0.424794 0.000000 0.745499 -0.556388 -0.366966 0.000000 -22.429904 140.252748 481.760791 1.000000 
-0.008220 -0.560287 0.828258 0.000000 -0.673694 -0.608991 -0.418648 0.000000 0.738965 -0.561433 -0.372456 0.000000 -21.313405 140.610846 482.230781 1.000000 
-0.008131 -0.563942 0.825774 0.000000 -0.677302 -0.604424 -0.419445 0.000000 0.735660 -0.562709 -0.377045 0.000000 -21.204912 139.992811 482.011228 1.000000 
-0.008176 -0.564041 0.825707 0.000000 -0.677848 -0.603938 -0.419262 0.000000 0.735156 -0.563132 -0.377396 0.000000 -21.114173 140.152197 481.951146 1.000000 
-0.009042 -0.562714 0.826602 0.000000 -0.680682 -0.602091 -0.417323 0.000000 0.732523 -0.566427 -0.377585 0.000000 -20.987903 140.712536 481.965947 1.000000 
-0.011407 -0.559809 0.828543 0.000000 -0.683382 -0.600527 -0.415158 0.000000 0.729972 -0.570947 -0.375713 0.000000 -21.093533 142.254863 481.906974 1.000000 
-0.012473 -0.555994 0.831092 0.000000 -0.684026 -0.601508 -0.412670 0.000000 0.729351 -0.573636 -0.372812 0.000000 -20.697029 145.336555 481.998663 1.000000 
-0.013565 -0.558315 0.829518 0.000000 -0.684232 -0.599762 -0.414864 0.000000 0.729138 -0.573210 -0.373881 0.000000 -21.133578 145.017223 482.282821 1.000000 
-0.013528 -0.556742 0.830575 0.000000 -0.690323 -0.595727 -0.410565 0.000000 0.723374 -0.578920 -0.376273 0.000000 -20.766004 145.008303 482.459678 1.000000 
-0.010837 -0.553126 0.833027 0.000000 -0.702428 -0.588701 -0.400033 0.000000 0.711672 -0.589477 -0.382151 0.000000 -20.964042 145.246257 481.834123 1.000000 
-0.004752 -0.554473 0.832188 0.000000 -0.728305 -0.568340 -0.382834 0.000000 0.685237 -0.607906 -0.401125 0.000000 -20.079156 140.311191 478.885411 1.000000 
0.004488 -0.549075 0.835761 0.000000 -0.757581 -0.547401 -0.355561 0.000000 0.652726 -0.631561 -0.418425 0.000000 -18.571578 136.509910 475.226159 1.000000 
0.016891 -0.552522 0.833327 0.000000 -0.785706 -0.522786 -0.330698 0.000000 0.618369 -0.649164 -0.442951 0.000000 -18.084426 131.519770 472.707181 1.000000 
0.031640 -0.771293 0.635694 0.000000 -0.835544 -0.369446 -0.406665 0.000000 0.548512 -0.518283 -0.656138 0.000000 -54.550718 113.960011 492.786055 1.000000 
0.012839 -0.767665 0.640723 0.000000 -0.806136 -0.387055 -0.447585 0.000000 0.591590 -0.510763 -0.623812 0.000000 -62.228056 109.568121 493.095863 1.000000 
-0.009047 -0.770132 0.637820 0.000000 -0.775490 -0.397282 -0.490696 0.000000 0.631295 -0.499062 -0.593636 0.000000 -68.975943 104.338311 492.990624 1.000000 
-0.018813 -0.773505 0.633511 0.000000 -0.746480 -0.410657 -0.523573 0.000000 0.665142 -0.482753 -0.569680 0.000000 -73.386300 100.836127 491.907793 1.000000 
-0.029557 -0.776998 0.628808 0.000000 -0.717027 -0.421816 -0.554927 0.000000 0.696419 -0.467274 -0.544661 0.000000 -75.775652 96.381248 493.396876 1.000000 
-0.039317 -0.777893 0.627166 0.000000 -0.692243 -0.431426 -0.578507 0.000000 0.720592 -0.456897 -0.521528 0.000000 -77.068380 94.613457 493.349786 1.000000 
-0.043599 -0.779627 0.624725 0.000000 -0.672420 -0.439579 -0.595501 0.000000 0.738885 -0.446041 -0.505072 0.000000 -79.646957 93.861154 493.471231 1.000000 
-0.045990 -0.776196 0.628812 0.000000 -0.655486 -0.451558 -0.605338 0.000000 0.753806 -0.440017 -0.488018 0.000000 -81.827363 95.927491 492.802907 1.000000 
-0.050897 -0.770510 0.635393 0.000000 -0.643405 -0.461297 -0.610930 0.000000 0.763832 -0.439910 -0.472271 0.000000 -85.910159 97.757005 490.304725 1.000000 
-0.054948 -0.757794 0.650176 0.000000 -0.642703 -0.471489 -0.603847 0.000000 0.764143 -0.451050 -0.461129 0.000000 -90.852804 99.356425 483.934912 1.000000 
-0.060801 -0.742147 0.667474 0.000000 -0.637933 -0.485421 -0.597836 0.000000 0.767688 -0.462152 -0.443926 0.000000 -93.681430 100.246993 479.613696 1.000000 
-0.064311 -0.745753 0.663112 0.000000 -0.628771 -0.485716 -0.607229 0.000000 0.774927 -0.455997 -0.437670 0.000000 -96.985400 97.785274 475.241695 1.000000 
-0.072105 -0.751673 0.655583 0.000000 -0.623648 -0.478977 -0.617774 0.000000 0.778373 -0.453397 -0.434243 0.000000 -99.202417 95.023498 470.347259 1.000000 
-0.080468 -0.744286 0.662995 0.000000 -0.614467 -0.486688 -0.620939 0.000000 0.784828 -0.457354 -0.418177 0.000000 -101.807259 94.452971 467.473050 1.000000 
-0.088551 -0.741447 0.665143 0.000000 -0.616768 -0.483537 -0.621119 0.000000 0.782148 -0.465239 -0.414483 0.000000 -104.184101 92.054455 465.011417 1.000000 
-0.093063 -0.743998 0.661669 0.000000 -0.622272 -0.475313 -0.621977 0.000000 0.777250 -0.469621 -0.418735 0.000000 -104.947357 90.087824 463.639606 1.000000 
-0.094777 -0.745606 0.659612 0.000000 -0.625388 -0.470930 -0.622186 0.000000 0.774537 -0.471482 -0.421659 0.000000 -106.306074 86.702650 461.931308 1.000000 
-0.099565 -0.738694 0.666647 0.000000 -0.630920 -0.471208 -0.616363 0.000000 0.769433 -0.481969 -0.419141 0.000000 -106.856197 86.297462 461.005883 1.000000 
-0.102099 -0.734237 0.671172 0.000000 -0.634956 -0.471278 -0.612150 0.000000 0.765772 -0.488665 -0.418091 0.000000 -108.055351 85.931207 459.360960 1.000000 
-0.099596 -0.730207 0.675928 0.000000 -0.639192 -0.473655 -0.605875 0.000000 0.762570 -0.492391 -0.419569 0.000000 -108.003094 85.870048 458.600016 1.000000 
-0.100155 -0.729483 0.676627 0.000000 -0.639338 -0.473886 -0.605540 0.000000 0.762375 -0.493241 -0.418924 0.000000 -108.006027 86.178705 458.736093 1.000000 
-0.100268 -0.724036 0.682436 0.000000 -0.640882 -0.477652 -0.600931 0.000000 0.761063 -0.497615 -0.416128 0.000000 -107.943684 86.162255 458.918999 1.000000 
-0.097649 -0.717403 0.689781 0.000000 -0.644567 -0.482498 -0.593068 0.000000 0.758286 -0.502523 -0.415299 0.000000 -107.279408 86.883643 459.365216 1.000000 
-0.096875 -0.722429 0.684625 0.000000 -0.635438 -0.484533 -0.601204 0.000000 0.766051 -0.493278 -0.412119 0.000000 -107.394374 87.629420 460.403890 1.000000 
-0.090414 -0.722471 0.685464 0.000000 -0.630502 -0.491258 -0.600944 0.000000 0.770904 -0.486520 -0.411103 0.000000 -105.458219 89.885631 460.833031 1.000000 
-0.086265 -0.721637 0.686876 0.000000 -0.633622 -0.492302 -0.596793 0.000000 0.768818 -0.486702 -0.414776 0.000000 -104.453279 89.526341 460.551770 1.000000 
-0.080703 -0.718792 0.690525 0.000000 -0.644543 -0.490812 -0.586233 0.000000 0.760297 -0.492383 -0.423682 0.000000 -101.462562 88.922537 460.368806 1.000000 
-0.076535 -0.721149 0.688540 0.000000 -0.644807 -0.490924 -0.585848 0.000000 0.760504 -0.488813 -0.427429 0.000000 -100.020563 89.035575 460.365746 1.000000 
-0.073323 -0.721164 0.688873 0.000000 -0.645745 -0.492060 -0.583858 0.000000 0.760024 -0.487646 -0.429609 0.000000 -99.408474 89.048725 459.699862 1.000000 
-0.073105 -0.719920 0.690196 0.000000 -0.645697 -0.493262 -0.582896 0.000000 0.760086 -0.488270 -0.428790 0.000000 -98.967169 89.616530 459.715574 1.000000 
-0.072349 -0.718661 0.691587 0.000000 -0.646628 -0.494133 -0.581123 0.000000 0.759367 -0.489243 -0.428957 0.000000 -98.770070 90.315984 460.051156 1.000000 
-0.070944 -0.720918 0.689380 0.000000 -0.643456 -0.495019 -0.583884 0.000000 0.762188 -0.485009 -0.428761 0.000000 -99.438678 90.607896 460.360054 1.000000 
-0.067585 -0.723087 0.687443 0.000000 -0.645225 -0.493866 -0.582908 0.000000 0.760997 -0.482951 -0.433176 0.000000 -99.500925 90.378432 460.167201 1.000000 
-0.061923 -0.722648 0.688437 0.000000 -0.645830 -0.496883 -0.579665 0.000000 0.760966 -0.480507 -0.435939 0.000000 -98.976127 89.545605 459.706928 1.000000 
-0.061116 -0.721735 0.689466 0.000000 -0.646266 -0.497803 -0.578388 0.000000 0.760661 -0.480927 -0.436009 0.000000 -98.991147 89.302568 459.662688 1.000000 
-0.055671 -0.722077 0.689569 0.000000 -0.649073 -0.498620 -0.574528 0.000000 0.758687 -0.479565 -0.440922 0.000000 -97.943896 88.111075 459.995779 1.000000 
-0.053628 -0.723759 0.687966 0.000000 -0.651103 -0.497011 -0.573624 0.000000 0.757092 -0.478699 -0.444588 0.000000 -96.879677 87.068605 460.026819 1.000000 
-0.048728 -0.729425 0.682323 0.000000 -0.652852 -0.493747 -0.574455 0.000000 0.755917 -0.473448 -0.452147 0.000000 -95.770891 84.330974 460.502268 1.000000 
-0.045676 -0.731823 0.679962 0.000000 -0.652959 -0.493264 -0.574748 0.000000 0.756014 -0.470240 -0.455320 0.000000 -95.307837 83.062683 460.684778 1.000000 
-0.046345 -0.733594 0.678006 0.000000 -0.647466 -0.494798 -0.579623 0.000000 0.760684 -0.465849 -0.452046 0.000000 -96.018808 83.382715 460.832269 1.000000 
-0.044330 -0.738160 0.673168 0.000000 -0.638740 -0.497166 -0.587229 0.000000 0.768145 -0.456011 -0.449453 0.000000 -96.280908 84.003677 461.255888 1.000000 
-0.029321 -0.747928 0.663132 0.000000 -0.638717 -0.496290 -0.587994 0.000000 0.768883 -0.440794 -0.463162 0.000000 -92.793776 84.134720 461.845887 1.000000 
-0.015300 -0.757874 0.652222 0.000000 -0.636645 -0.495600 -0.590816 0.000000 0.771005 -0.424273 -0.474914 0.000000 -89.025855 83.109543 461.904448 1.000000 
-0.005940 -0.758744 0.651362 0.000000 -0.634541 -0.500574 -0.588883 0.000000 0.772866 -0.416814 -0.478481 0.000000 -86.173503 82.356257 461.611277 1.000000 
-0.003435 -0.750979 0.660317 0.000000 -0.639463 -0.506018 -0.578821 0.000000 0.768815 -0.424237 -0.478484 0.000000 -85.173651 82.192125 460.076775 1.000000 
-0.006239 -0.745823 0.666115 0.000000 -0.661004 -0.496767 -0.562402 0.000000 0.750356 -0.443814 -0.489893 0.000000 -84.928219 79.151947 457.792314 1.000000 
-0.008510 -0.743529 0.668649 0.000000 -0.664531 -0.495454 -0.559396 0.000000 0.747212 -0.449098 -0.489882 0.000000 -84.728021 78.429864 457.097489 1.000000 
-0.007895 -0.746876 0.664916 0.000000 -0.664041 -0.493243 -0.561926 0.000000 0.747655 -0.445968 -0.492062 0.000000 -84.465000 77.071522 457.278994 1.000000 
-0.007207 -0.749739 0.661694 0.000000 -0.665724 -0.490160 -0.562631 0.000000 0.746163 -0.444561 -0.495587 0.000000 -84.063506 75.348018 456.987596 1.000000 
-0.005976 -0.746939 0.664866 0.000000 -0.669340 -0.490980 -0.557605 0.000000 0.742932 -0.448353 -0.497022 0.000000 -84.070354 74.811847 456.940315 1.000000 
-0.006319 -0.745726 0.666223 0.000000 -0.668923 -0.492075 -0.557140 0.000000 0.743305 -0.449172 -0.495723 0.000000 -84.393952 75.223228 457.028166 1.000000 
-0.005312 -0.749201 0.662322 0.000000 -0.658918 -0.495587 -0.565880 0.000000 0.752196 -0.439422 -0.491030 0.000000 -86.409024 75.884209 457.274612 1.000000 
-0.004216 -0.751434 0.659794 0.000000 -0.652036 -0.498184 -0.571544 0.000000 0.758177 -0.432619 -0.487862 0.000000 -87.973013 76.090624 457.284965 1.000000 
-0.007989 -0.750027 0.661359 0.000000 -0.645723 -0.501130 -0.576117 0.000000 0.763530 -0.431657 -0.480306 0.000000 -89.989024 75.849396 457.541198 1.000000 
-0.011262 -0.757029 0.653284 0.000000 -0.631522 -0.501155 -0.591628 0.000000 0.775276 -0.419226 -0.472436 0.000000 -94.531858 76.878324 458.153489 1.000000 
-0.010957 -0.764612 0.644398 0.000000 -0.618294 -0.501294 -0.605324 0.000000 0.785871 -0.405060 -0.467262 0.000000 -97.112081 78.814469 458.616016 1.000000 
-0.009258 -0.763883 0.645288 0.000000 -0.616157 -0.503895 -0.605343 0.000000 0.787569 -0.403203 -0.466007 0.000000 -97.838349 79.614943 458.515342 1.000000 
-0.004780 -0.760581 0.649225 0.000000 -0.607603 -0.513435 -0.605973 0.000000 0.794227 -0.397367 -0.459677 0.000000 -98.391414 82.329441 458.167568 1.000000 
0.000393 -0.759535 0.650466 0.000000 -0.602767 -0.519198 -0.605892 0.000000 0.797917 -0.391842 -0.458027 0.000000 -98.662261 87.571493 457.220130 1.000000 
-0.002695 -0.750946 0.660358 0.000000 -0.623069 -0.515250 -0.588474 0.000000 0.782162 -0.413034 -0.466503 0.000000 -100.491855 89.580808 453.640773 1.000000 
-0.011138 -0.737596 0.675150 0.000000 -0.641102 -0.512890 -0.570905 0.000000 0.767375 -0.439198 -0.467162 0.000000 -101.485331 87.617346 451.480392 1.000000 
-0.016497 -0.738635 0.673904 0.000000 -0.641285 -0.509293 -0.573911 0.000000 0.767125 -0.441633 -0.465274 0.000000 -102.261064 86.210374 451.297807 1.000000 
-0.018822 -0.741911 0.670234 0.000000 -0.642982 -0.504365 -0.576360 0.000000 0.765650 -0.441796 -0.467542 0.000000 -101.722234 84.295872 451.578150 1.000000 
-0.021432 -0.737614 0.674882 0.000000 -0.654590 -0.499877 -0.567129 0.000000 0.755680 -0.453926 -0.472121 0.000000 -101.194658 81.905821 451.301572 1.000000 
-0.023610 -0.734623 0.678065 0.000000 -0.656205 -0.500303 -0.564882 0.000000 0.754213 -0.458286 -0.470251 0.000000 -102.140449 82.332934 451.467595 1.000000 
-0.026206 -0.733147 0.679565 0.000000 -0.653657 -0.501767 -0.566536 0.000000 0.756337 -0.459049 -0.466077 0.000000 -102.728147 83.259057 451.711242 1.000000 
-0.032249 -0.727587 0.685257 0.000000 -0.644222 -0.509058 -0.570822 0.000000 0.764158 -0.459866 -0.452311 0.000000 -104.178118 85.957100 453.297492 1.000000 
-0.031093 -0.733471 0.679009 0.000000 -0.639844 -0.507293 -0.577281 0.000000 0.767876 -0.452409 -0.453534 0.000000 -105.020557 85.685232 453.606461 1.000000 
-0.019095 -0.747536 0.663947 0.000000 -0.636328 -0.503124 -0.584767 0.000000 0.771182 -0.433655 -0.466071 0.000000 -102.648271 85.450030 453.966161 1.000000 
-0.015814 -0.749271 0.662075 0.000000 -0.630203 -0.506608 -0.588381 0.000000 0.776269 -0.426547 -0.464181 0.000000 -101.455927 84.103712 453.318127 1.000000 
-0.010347 -0.741829 0.670509 0.000000 -0.610834 -0.526204 -0.591601 0.000000 0.791691 -0.415691 -0.447690 0.000000 -99.921506 86.623956 454.662096 1.000000 
-0.001226 -0.751700 0.659504 0.000000 -0.591744 -0.531098 -0.606443 0.000000 0.806125 -0.391001 -0.444163 0.000000 -97.805834 90.513494 456.690828 1.000000 
0.004977 -0.753027 0.657971 0.000000 -0.590574 -0.533188 -0.605749 0.000000 0.806968 -0.385566 -0.447372 0.000000 -96.885276 94.795936 457.562639 1.000000 
0.001367 -0.739758 0.672872 0.000000 -0.601303 -0.538248 -0.590529 0.000000 0.799020 -0.403792 -0.445554 0.000000 -97.291321 98.071726 457.250048 1.000000 
-0.013387 -0.723302 0.690402 0.000000 -0.618529 -0.536520 -0.574080 0.000000 0.785648 -0.434719 -0.440201 0.000000 -100.162184 99.937629 455.952983 1.000000 
-0.023039 -0.715567 0.698164 0.000000 -0.631427 -0.531015 -0.565087 0.000000 0.775093 -0.453859 -0.439594 0.000000 -101.859491 102.731197 455.406151 1.000000 
0.052976 -0.697346 0.714774 0.000000 -0.903421 -0.338439 -0.263230 0.000000 0.425470 -0.631797 -0.647926 0.000000 -87.915451 145.432728 504.181230 1.000000 
0.030617 -0.701921 0.711596 0.000000 -0.882269 -0.353564 -0.310796 0.000000 0.469749 -0.618304 -0.630108 0.000000 -91.394549 143.005566 504.591397 1.000000 
0.021257 -0.700931 0.712912 0.000000 -0.853817 -0.383709 -0.351802 0.000000 0.520139 -0.601218 -0.606623 0.000000 -91.630357 140.028220 505.053604 1.000000 
0.012836 -0.696383 0.717556 0.000000 -0.822887 -0.415039 -0.388071 0.000000 0.568060 -0.585486 -0.578372 0.000000 -91.335269 137.952674 506.031142 1.000000 
0.010465 -0.695595 0.718358 0.000000 -0.791172 -0.445088 -0.419457 0.000000 0.611505 -0.563955 -0.554993 0.000000 -89.178443 136.415036 508.597165 1.000000 
0.018022 -0.683956 0.729301 0.000000 -0.767411 -0.477025 -0.428401 0.000000 0.640902 -0.551953 -0.533472 0.000000 -87.697176 139.639514 507.919991 1.000000 
0.022309 -0.676796 0.735833 0.000000 -0.747793 -0.499806 -0.437035 0.000000 0.663557 -0.540501 -0.517253 0.000000 -87.101306 142.224112 507.765575 1.000000 
0.022462 -0.678097 0.734629 0.000000 -0.733561 -0.510430 -0.448721 0.000000 0.679253 -0.528815 -0.508891 0.000000 -88.263432 143.245685 506.430210 1.000000 
0.024086 -0.677386 0.735233 0.000000 -0.724951 -0.518248 -0.453723 0.000000 0.688379 -0.522080 -0.503555 0.000000 -89.263904 141.894411 504.810509 1.000000 
0.025186 -0.671046 0.740988 0.000000 -0.714935 -0.530175 -0.455831 0.000000 0.698737 -0.518277 -0.493107 0.000000 -89.473583 141.629178 502.646851 1.000000 
0.026376 -0.669816 0.742059 0.000000 -0.702837 -0.540294 -0.462712 0.000000 0.710862 -0.509342 -0.485022 0.000000 -90.880168 142.400877 499.697160 1.000000 
0.023331 -0.666821 0.744853 0.000000 -0.700701 -0.542331 -0.463568 0.000000 0.713074 -0.511103 -0.479895 0.000000 -92.947883 143.613376 496.779053 1.000000 
0.020952 -0.661833 0.749358 0.000000 -0.691617 -0.550840 -0.467164 0.000000 0.721961 -0.508480 -0.469276 0.000000 -93.864102 144.612966 494.700594 1.000000 
0.014402 -0.654433 0.755983 0.000000 -0.667228 -0.569398 -0.480200 0.000000 0.744714 -0.497497 -0.444856 0.000000 -94.448334 144.215891 493.817423 1.000000 
0.007803 -0.654889 0.755685 0.000000 -0.645984 -0.580159 -0.496105 0.000000 0.763311 -0.484289 -0.427574 0.000000 -95.190326 141.274910 493.534916 1.000000 
0.003627 -0.658211 0.752825 0.000000 -0.638679 -0.580804 -0.504733 0.000000 0.769465 -0.478983 -0.422492 0.000000 -96.616690 140.551331 493.536280 1.000000 
0.005053 -0.654782 0.755800 0.000000 -0.638325 -0.583904 -0.501594 0.000000 0.769750 -0.479912 -0.420914 0.000000 -96.853582 140.902099 493.103668 1.000000 
0.006863 -0.651029 0.759022 0.000000 -0.637100 -0.587891 -0.498485 0.000000 0.770750 -0.480152 -0.418806 0.000000 -97.065968 141.479021 492.652803 1.000000 
0.007134 -0.651263 0.758818 0.000000 -0.635325 -0.588950 -0.499499 0.000000 0.772212 -0.478533 -0.417966 0.000000 -97.008950 141.547555 492.661135 1.000000 
0.007517 -0.650595 0.759388 0.000000 -0.632278 -0.591427 -0.500438 0.000000 0.774705 -0.476383 -0.415802 0.000000 -97.586386 141.400461 492.514340 1.000000 
0.008064 -0.649276 0.760510 0.000000 -0.631004 -0.593299 -0.499831 0.000000 0.775738 -0.475854 -0.414480 0.000000 -98.101745 141.642098 492.676899 1.000000 
0.009485 -0.648466 0.761184 0.000000 -0.629659 -0.595225 -0.499236 0.000000 0.776814 -0.474551 -0.413959 0.000000 -98.177867 141.976882 492.621250 1.000000 
0.012190 -0.647124 0.762287 0.000000 -0.630850 -0.596454 -0.496256 0.000000 0.775809 -0.474840 -0.415509 0.000000 -97.567282 142.355437 492.251347 1.000000 
0.018038 -0.641229 0.767137 0.000000 -0.637351 -0.598541 -0.485317 0.000000 0.770362 -0.480182 -0.419484 0.000000 -95.593455 142.560354 491.289933 1.000000 
0.017387 -0.643087 0.765595 0.000000 -0.639630 -0.595682 -0.485836 0.000000 0.768486 -0.481250 -0.421695 0.000000 -95.224908 141.614742 490.843022 1.000000 
0.016048 -0.640649 0.767666 0.000000 -0.653943 -0.587517 -0.476637 0.000000 0.756374 -0.494360 -0.428377 0.000000 -94.161083 139.125646 489.257959 1.000000 
0.016069 -0.638818 0.769190 0.000000 -0.661852 -0.583423 -0.470711 0.000000 0.749462 -0.501526 -0.432178 0.000000 -93.643020 136.425399 488.408073 1.000000 
0.015952 -0.637501 0.770285 0.000000 -0.660585 -0.585028 -0.470499 0.000000 0.750582 -0.501333 -0.430456 0.000000 -93.617115 137.163041 488.244107 1.000000 
0.019846 -0.636782 0.770789 0.000000 -0.657429 -0.589141 -0.469787 0.000000 0.753255 -0.497416 -0.430331 0.000000 -92.869235 138.113188 487.947071 1.000000 
0.020852 -0.638279 0.769522 0.000000 -0.655671 -0.589787 -0.471431 0.000000 0.754758 -0.494723 -0.430800 0.000000 -93.027064 138.005599 488.116975 1.000000 
0.019052 -0.642246 0.766262 0.000000 -0.652255 -0.588837 -0.477319 0.000000 0.757760 -0.490704 -0.430127 0.000000 -94.118987 137.776513 488.599152 1.000000 
0.019003 -0.641870 0.766578 0.000000 -0.651555 -0.589504 -0.477452 0.000000 0.758363 -0.490395 -0.429416 0.000000 -94.431455 137.751980 488.607829 1.000000 
0.019107 -0.642075 0.766404 0.000000 -0.651641 -0.589363 -0.477509 0.000000 0.758287 -0.490296 -0.429663 0.000000 -94.547192 137.550877 488.529161 1.000000 
0.018897 -0.643576 0.765149 0.000000 -0.652615 -0.587711 -0.478214 0.000000 0.757454 -0.490311 -0.431114 0.000000 -94.695254 136.459104 488.057245 1.000000 
0.018558 -0.643169 0.765499 0.000000 -0.650247 -0.589358 -0.479412 0.000000 0.759496 -0.488866 -0.429156 0.000000 -94.602570 136.244447 488.427751 1.000000 
0.018534 -0.646204 0.762940 0.000000 -0.644769 -0.590927 -0.484848 0.000000 0.764152 -0.482934 -0.427605 0.000000 -94.942148 135.878150 489.357050 1.000000 
0.021207 -0.645831 0.763186 0.000000 -0.641089 -0.594543 -0.485307 0.000000 0.767173 -0.478978 -0.426644 0.000000 -94.350309 135.836450 490.072880 1.000000 
0.026854 -0.648199 0.760997 0.000000 -0.636764 -0.597933 -0.486835 0.000000 0.770591 -0.471502 -0.428807 0.000000 -92.212845 133.472959 492.047778 1.000000 
0.034485 -0.656073 0.753909 0.000000 -0.640291 -0.593710 -0.487376 0.000000 0.767358 -0.465915 -0.440551 0.000000 -89.695582 128.451127 492.272395 1.000000 
0.036665 -0.660872 0.749603 0.000000 -0.652989 -0.583666 -0.482638 0.000000 0.756479 -0.471786 -0.452942 0.000000 -88.174719 120.452008 490.965068 1.000000 
0.037381 -0.664607 0.746257 0.000000 -0.659999 -0.577147 -0.480939 0.000000 0.750335 -0.474551 -0.460215 0.000000 -87.002083 114.041146 490.732662 1.000000 
0.041522 -0.671732 0.739630 0.000000 -0.664227 -0.571555 -0.481797 0.000000 0.746377 -0.471277 -0.469914 0.000000 -84.532125 108.643004 490.189247 1.000000 
0.042416 -0.676737 0.735002 0.000000 -0.664749 -0.568313 -0.484901 0.000000 0.745862 -0.468024 -0.473966 0.000000 -84.313438 105.908042 489.674838 1.000000 
0.048115 -0.681641 0.730103 0.000000 -0.668461 -0.565107 -0.483543 0.000000 0.742189 -0.464780 -0.482841 0.000000 -82.492903 102.696427 489.881051 1.000000 
0.050825 -0.687594 0.724314 0.000000 -0.669707 -0.561487 -0.486029 0.000000 0.740884 -0.460376 -0.489025 0.000000 -81.596997 99.692453 490.084853 1.000000 
0.057124 -0.689211 0.722306 0.000000 -0.672082 -0.561549 -0.482667 0.000000 0.738270 -0.457877 -0.495284 0.000000 -79.532080 96.790096 489.907316 1.000000 
0.063371 -0.691842 0.719263 0.000000 -0.673870 -0.561267 -0.480498 0.000000 0.736127 -0.454240 -0.501780 0.000000 -77.558182 94.306516 489.858497 1.000000 
0.066043 -0.695510 0.715475 0.000000 -0.674017 -0.559817 -0.481980 0.000000 0.735757 -0.450411 -0.505758 0.000000 -76.654196 92.246177 489.657621 1.000000 
0.070403 -0.698673 0.711969 0.000000 -0.673999 -0.559486 -0.482390 0.000000 0.735369 -0.445905 -0.510295 0.000000 -75.765624 89.699103 488.838788 1.000000 
0.073114 -0.698358 0.712005 0.000000 -0.676935 -0.559027 -0.478799 0.000000 0.732402 -0.446974 -0.513616 0.000000 -74.996772 87.602096 487.593187 1.000000 
0.073086 -0.700947 0.709459 0.000000 -0.676223 -0.557700 -0.481346 0.000000 0.733063 -0.444572 -0.514757 0.000000 -74.978134 86.051569 486.998207 1.000000 
0.071306 -0.704185 0.706427 0.000000 -0.676215 -0.554759 -0.484743 0.000000 0.733245 -0.443131 -0.515738 0.000000 -75.545500 84.271377 486.170120 1.000000 
0.068830 -0.705811 0.705049 0.000000 -0.675693 -0.552924 -0.487558 0.000000 0.733962 -0.442838 -0.514969 0.000000 -76.329464 83.300495 485.350435 1.000000 
0.070185 -0.705347 0.705379 0.000000 -0.672911 -0.555480 -0.488501 0.000000 0.736386 -0.440372 -0.513622 0.000000 -76.007350 83.344760 485.597297 1.000000 
0.070665 -0.703881 0.706795 0.000000 -0.670737 -0.557990 -0.488630 0.000000 0.738322 -0.439544 -0.511549 0.000000 -75.925715 83.040948 485.859068 1.000000 
0.068109 -0.704180 0.706747 0.000000 -0.665261 -0.559969 -0.493824 0.000000 0.743498 -0.436537 -0.506603 0.000000 -77.172325 82.467772 486.402237 1.000000 
0.066567 -0.702670 0.708395 0.000000 -0.657870 -0.564700 -0.498318 0.000000 0.750184 -0.432860 -0.499856 0.000000 -77.892501 84.358461 488.068909 1.000000 
0.069832 -0.704922 0.705839 0.000000 -0.653251 -0.567064 -0.501698 0.000000 0.753914 -0.426056 -0.500090 0.000000 -78.503555 85.052003 488.772672 1.000000 
0.072187 -0.705398 0.705126 0.000000 -0.653557 -0.567498 -0.500809 0.000000 0.753427 -0.424688 -0.501984 0.000000 -78.646216 86.209962 488.561275 1.000000 
0.078471 -0.712615 0.697153 0.000000 -0.645221 -0.569392 -0.509395 0.000000 0.759955 -0.409845 -0.504475 0.000000 -79.068113 87.186116 488.125955 1.000000 
0.084265 -0.716387 0.692596 0.000000 -0.640431 -0.571431 -0.513142 0.000000 0.763379 -0.400320 -0.506948 0.000000 -78.182100 89.420446 487.327321 1.000000 
0.083975 -0.713672 0.695428 0.000000 -0.644355 -0.571242 -0.508419 0.000000 0.760102 -0.405408 -0.507828 0.000000 -77.701916 90.573200 486.098243 1.000000 
0.076121 -0.702383 0.707718 0.000000 -0.664771 -0.564762 -0.489003 0.000000 0.743159 -0.433247 -0.509914 0.000000 -77.748280 87.921489 484.230773 1.000000 
